46.0500 9.1000 8.00000
46.1395 9.1000 9.00000
46.2290 9.1000 9.00000
46.3186 9.1000 9.00000
46.4081 9.1000 9.00000
46.4976 9.1000 43.00000
46.5871 9.1000 43.00000
46.6767 9.1000 10.00000
46.7662 9.1000 25.42857
46.8557 9.1000 9.42857
46.9452 9.1000 10.00000
47.0348 9.1000 8.00000
47.1243 9.1000 40.00000
47.2138 9.1000 43.00000
47.3033 9.1000 43.00000
47.3929 9.1000 40.00000
47.4824 9.1000 43.00000
47.5719 9.1000 43.00000
47.6614 9.1000 43.00000
47.7510 9.1000 43.00000
47.8405 9.1000 43.00000
47.9300 9.1000 43.00000
48.0195 9.1000 43.00000
48.1090 9.1000 8.00000
48.1986 9.1000 8.00000
48.2881 9.1000 8.00000
48.3776 9.1000 10.00000
48.4671 9.1000 43.00000
48.5567 9.1000 43.00000
48.6462 9.1000 10.00000
48.7357 9.1000 10.00000
48.8252 9.1000 10.00000
48.9148 9.1000 8.00000
49.0043 9.1000 8.00000
49.0938 9.1000 10.00000
49.1833 9.1000 10.00000
49.2729 9.1000 8.00000
49.3624 9.1000 28.00000
49.4519 9.1000 10.00000
49.5414 9.1000 10.00000
49.6310 9.1000 8.00000
49.7205 9.1000 8.00000
46.0500 9.2346 8.00000
46.1395 9.2346 9.00000
46.2290 9.2346 9.00000
46.3186 9.2346 9.00000
46.4081 9.2346 9.00000
46.4976 9.2346 9.00000
46.5871 9.2346 9.00000
46.6767 9.2346 9.00000
46.7662 9.2346 9.00000
46.8557 9.2346 8.00000
46.9452 9.2346 43.00000
47.0348 9.2346 43.00000
47.1243 9.2346 5.00000
47.2138 9.2346 8.38462
47.3033 9.2346 43.00000
47.3929 9.2346 40.00000
47.4824 9.2346 43.00000
47.5719 9.2346 43.00000
47.6614 9.2346 5.00000
47.7510 9.2346 43.00000
47.8405 9.2346 43.00000
47.9300 9.2346 28.00000
48.0195 9.2346 28.00000
48.1090 9.2346 22.28571
48.1986 9.2346 8.00000
48.2881 9.2346 8.00000
48.3776 9.2346 8.00000
48.4671 9.2346 25.62637
48.5567 9.2346 43.00000
48.6462 9.2346 38.28571
48.7357 9.2346 43.00000
48.8252 9.2346 8.06593
48.9148 9.2346 28.00000
49.0043 9.2346 8.00000
49.0938 9.2346 10.00000
49.1833 9.2346 28.00000
49.2729 9.2346 8.00000
49.3624 9.2346 8.00000
49.4519 9.2346 10.00000
49.5414 9.2346 10.00000
49.6310 9.2346 8.00000
49.7205 9.2346 28.00000
46.0500 9.3692 9.00000
46.1395 9.3692 9.00000
46.2290 9.3692 9.00000
46.3186 9.3692 9.00000
46.4081 9.3692 8.00000
46.4976 9.3692 43.00000
46.5871 9.3692 8.00000
46.6767 9.3692 9.00000
46.7662 9.3692 9.00000
46.8557 9.3692 27.34066
46.9452 9.3692 43.00000
47.0348 9.3692 10.00000
47.1243 9.3692 8.00000
47.2138 9.3692 43.00000
47.3033 9.3692 12.92308
47.3929 9.3692 43.00000
47.4824 9.3692 43.00000
47.5719 9.3692 43.00000
47.6614 9.3692 5.00000
47.7510 9.3692 43.00000
47.8405 9.3692 43.00000
47.9300 9.3692 43.00000
48.0195 9.3692 43.00000
48.1090 9.3692 8.00000
48.1986 9.3692 8.00000
48.2881 9.3692 8.00000
48.3776 9.3692 8.00000
48.4671 9.3692 8.00000
48.5567 9.3692 10.00000
48.6462 9.3692 43.00000
48.7357 9.3692 10.00000
48.8252 9.3692 28.00000
48.9148 9.3692 8.96703
49.0043 9.3692 10.00000
49.0938 9.3692 10.00000
49.1833 9.3692 10.00000
49.2729 9.3692 8.00000
49.3624 9.3692 8.00000
49.4519 9.3692 8.00000
49.5414 9.3692 8.00000
49.6310 9.3692 10.00000
49.7205 9.3692 10.00000
46.0500 9.5038 9.00000
46.1395 9.5038 28.00000
46.2290 9.5038 9.00000
46.3186 9.5038 9.00000
46.4081 9.5038 8.86813
46.4976 9.5038 8.16484
46.5871 9.5038 38.00000
46.6767 9.5038 43.00000
46.7662 9.5038 43.00000
46.8557 9.5038 28.00000
46.9452 9.5038 8.00000
47.0348 9.5038 28.00000
47.1243 9.5038 40.00000
47.2138 9.5038 40.00000
47.3033 9.5038 8.00000
47.3929 9.5038 43.00000
47.4824 9.5038 43.00000
47.5719 9.5038 5.00000
47.6614 9.5038 43.00000
47.7510 9.5038 43.00000
47.8405 9.5038 43.00000
47.9300 9.5038 43.00000
48.0195 9.5038 28.49451
48.1090 9.5038 43.00000
48.1986 9.5038 28.00000
48.2881 9.5038 25.36264
48.3776 9.5038 8.00000
48.4671 9.5038 8.00000
48.5567 9.5038 8.00000
48.6462 9.5038 43.00000
48.7357 9.5038 10.00000
48.8252 9.5038 17.71429
48.9148 9.5038 10.00000
49.0043 9.5038 10.00000
49.0938 9.5038 10.00000
49.1833 9.5038 10.00000
49.2729 9.5038 8.00000
49.3624 9.5038 8.00000
49.4519 9.5038 8.00000
49.5414 9.5038 8.00000
49.6310 9.5038 8.00000
49.7205 9.5038 10.00000
46.0500 9.6385 9.00000
46.1395 9.6385 9.00000
46.2290 9.6385 9.00000
46.3186 9.6385 9.00000
46.4081 9.6385 9.00000
46.4976 9.6385 5.00000
46.5871 9.6385 8.00000
46.6767 9.6385 8.00000
46.7662 9.6385 8.00000
46.8557 9.6385 43.00000
46.9452 9.6385 9.00000
47.0348 9.6385 43.00000
47.1243 9.6385 8.00000
47.2138 9.6385 30.00000
47.3033 9.6385 31.00000
47.3929 9.6385 40.00000
47.4824 9.6385 31.00000
47.5719 9.6385 37.98901
47.6614 9.6385 43.00000
47.7510 9.6385 40.00000
47.8405 9.6385 30.14286
47.9300 9.6385 43.00000
48.0195 9.6385 40.29670
48.1090 9.6385 43.00000
48.1986 9.6385 40.00000
48.2881 9.6385 8.00000
48.3776 9.6385 8.00000
48.4671 9.6385 8.00000
48.5567 9.6385 8.00000
48.6462 9.6385 10.00000
48.7357 9.6385 43.00000
48.8252 9.6385 10.00000
48.9148 9.6385 43.00000
49.0043 9.6385 10.00000
49.0938 9.6385 10.00000
49.1833 9.6385 10.00000
49.2729 9.6385 10.00000
49.3624 9.6385 8.00000
49.4519 9.6385 8.00000
49.5414 9.6385 8.00000
49.6310 9.6385 8.00000
49.7205 9.6385 9.71429
46.0500 9.7731 9.00000
46.1395 9.7731 9.00000
46.2290 9.7731 9.00000
46.3186 9.7731 9.00000
46.4081 9.7731 9.00000
46.4976 9.7731 39.15385
46.5871 9.7731 8.00000
46.6767 9.7731 8.00000
46.7662 9.7731 41.68132
46.8557 9.7731 36.84615
46.9452 9.7731 43.00000
47.0348 9.7731 8.42857
47.1243 9.7731 25.28571
47.2138 9.7731 18.00000
47.3033 9.7731 8.00000
47.3929 9.7731 16.57143
47.4824 9.7731 43.00000
47.5719 9.7731 31.00000
47.6614 9.7731 28.00000
47.7510 9.7731 43.00000
47.8405 9.7731 43.00000
47.9300 9.7731 43.00000
48.0195 9.7731 28.00000
48.1090 9.7731 43.00000
48.1986 9.7731 43.00000
48.2881 9.7731 29.97802
48.3776 9.7731 8.00000
48.4671 9.7731 8.00000
48.5567 9.7731 8.00000
48.6462 9.7731 10.00000
48.7357 9.7731 10.00000
48.8252 9.7731 34.29670
48.9148 9.7731 10.00000
49.0043 9.7731 28.00000
49.0938 9.7731 10.00000
49.1833 9.7731 8.76923
49.2729 9.7731 10.00000
49.3624 9.7731 8.00000
49.4519 9.7731 8.00000
49.5414 9.7731 8.00000
49.6310 9.7731 8.00000
49.7205 9.7731 9.05495
46.0500 9.9077 9.00000
46.1395 9.9077 9.00000
46.2290 9.9077 9.00000
46.3186 9.9077 9.00000
46.4081 9.9077 1.00000
46.4976 9.9077 9.00000
46.5871 9.9077 8.00000
46.6767 9.9077 43.00000
46.7662 9.9077 43.00000
46.8557 9.9077 43.00000
46.9452 9.9077 8.00000
47.0348 9.9077 8.00000
47.1243 9.9077 8.00000
47.2138 9.9077 11.40659
47.3033 9.9077 18.00000
47.3929 9.9077 8.00000
47.4824 9.9077 43.00000
47.5719 9.9077 43.00000
47.6614 9.9077 28.00000
47.7510 9.9077 43.00000
47.8405 9.9077 43.00000
47.9300 9.9077 43.00000
48.0195 9.9077 43.00000
48.1090 9.9077 43.00000
48.1986 9.9077 32.61538
48.2881 9.9077 28.00000
48.3776 9.9077 40.00000
48.4671 9.9077 35.42857
48.5567 9.9077 8.00000
48.6462 9.9077 8.00000
48.7357 9.9077 8.00000
48.8252 9.9077 43.00000
48.9148 9.9077 10.00000
49.0043 9.9077 10.00000
49.0938 9.9077 10.00000
49.1833 9.9077 10.00000
49.2729 9.9077 10.00000
49.3624 9.9077 10.00000
49.4519 9.9077 8.00000
49.5414 9.9077 8.00000
49.6310 9.9077 10.00000
49.7205 9.9077 10.00000
46.0500 10.0423 9.00000
46.1395 10.0423 9.00000
46.2290 10.0423 9.00000
46.3186 10.0423 9.00000
46.4081 10.0423 9.00000
46.4976 10.0423 9.00000
46.5871 10.0423 8.00000
46.6767 10.0423 43.00000
46.7662 10.0423 43.00000
46.8557 10.0423 43.00000
46.9452 10.0423 8.00000
47.0348 10.0423 8.00000
47.1243 10.0423 8.00000
47.2138 10.0423 8.00000
47.3033 10.0423 18.00000
47.3929 10.0423 8.00000
47.4824 10.0423 43.00000
47.5719 10.0423 43.00000
47.6614 10.0423 43.00000
47.7510 10.0423 41.15385
47.8405 10.0423 43.00000
47.9300 10.0423 43.00000
48.0195 10.0423 41.38462
48.1090 10.0423 43.00000
48.1986 10.0423 43.00000
48.2881 10.0423 28.00000
48.3776 10.0423 28.00000
48.4671 10.0423 37.53846
48.5567 10.0423 8.00000
48.6462 10.0423 8.00000
48.7357 10.0423 8.00000
48.8252 10.0423 10.00000
48.9148 10.0423 24.14286
49.0043 10.0423 10.00000
49.0938 10.0423 10.00000
49.1833 10.0423 8.00000
49.2729 10.0423 10.00000
49.3624 10.0423 10.00000
49.4519 10.0423 8.00000
49.5414 10.0423 8.00000
49.6310 10.0423 10.00000
49.7205 10.0423 10.00000
46.0500 10.1769 9.00000
46.1395 10.1769 9.00000
46.2290 10.1769 28.00000
46.3186 10.1769 9.00000
46.4081 10.1769 9.00000
46.4976 10.1769 9.00000
46.5871 10.1769 6.15385
46.6767 10.1769 8.00000
46.7662 10.1769 43.00000
46.8557 10.1769 9.00000
46.9452 10.1769 11.79121
47.0348 10.1769 8.00000
47.1243 10.1769 8.00000
47.2138 10.1769 13.82418
47.3033 10.1769 8.00000
47.3929 10.1769 8.00000
47.4824 10.1769 10.00000
47.5719 10.1769 14.85714
47.6614 10.1769 43.00000
47.7510 10.1769 43.00000
47.8405 10.1769 43.00000
47.9300 10.1769 41.15385
48.0195 10.1769 38.28571
48.1090 10.1769 36.70330
48.1986 10.1769 31.29670
48.2881 10.1769 43.00000
48.3776 10.1769 43.00000
48.4671 10.1769 28.00000
48.5567 10.1769 8.00000
48.6462 10.1769 8.00000
48.7357 10.1769 8.00000
48.8252 10.1769 8.00000
48.9148 10.1769 24.14286
49.0043 10.1769 43.00000
49.0938 10.1769 8.00000
49.1833 10.1769 10.00000
49.2729 10.1769 10.00000
49.3624 10.1769 8.00000
49.4519 10.1769 8.00000
49.5414 10.1769 10.00000
49.6310 10.1769 10.00000
49.7205 10.1769 8.00000
46.0500 10.3115 9.00000
46.1395 10.3115 9.00000
46.2290 10.3115 9.00000
46.3186 10.3115 25.49451
46.4081 10.3115 9.00000
46.4976 10.3115 9.00000
46.5871 10.3115 8.00000
46.6767 10.3115 8.00000
46.7662 10.3115 43.00000
46.8557 10.3115 9.00000
46.9452 10.3115 9.00000
47.0348 10.3115 12.04396
47.1243 10.3115 8.00000
47.2138 10.3115 17.01099
47.3033 10.3115 15.53846
47.3929 10.3115 8.00000
47.4824 10.3115 10.00000
47.5719 10.3115 25.62637
47.6614 10.3115 43.00000
47.7510 10.3115 28.00000
47.8405 10.3115 43.00000
47.9300 10.3115 43.00000
48.0195 10.3115 43.00000
48.1090 10.3115 40.00000
48.1986 10.3115 40.00000
48.2881 10.3115 28.00000
48.3776 10.3115 28.00000
48.4671 10.3115 31.95604
48.5567 10.3115 28.00000
48.6462 10.3115 8.00000
48.7357 10.3115 8.00000
48.8252 10.3115 8.00000
48.9148 10.3115 10.00000
49.0043 10.3115 8.00000
49.0938 10.3115 28.00000
49.1833 10.3115 10.00000
49.2729 10.3115 10.00000
49.3624 10.3115 8.00000
49.4519 10.3115 10.00000
49.5414 10.3115 10.00000
49.6310 10.3115 10.00000
49.7205 10.3115 9.71429
46.0500 10.4462 9.00000
46.1395 10.4462 9.00000
46.2290 10.4462 9.00000
46.3186 10.4462 9.00000
46.4081 10.4462 9.00000
46.4976 10.4462 2.15385
46.5871 10.4462 8.00000
46.6767 10.4462 9.00000
46.7662 10.4462 9.00000
46.8557 10.4462 9.00000
46.9452 10.4462 9.00000
47.0348 10.4462 8.00000
47.1243 10.4462 8.00000
47.2138 10.4462 9.42857
47.3033 10.4462 18.00000
47.3929 10.4462 8.00000
47.4824 10.4462 43.00000
47.5719 10.4462 8.00000
47.6614 10.4462 43.00000
47.7510 10.4462 43.00000
47.8405 10.4462 43.00000
47.9300 10.4462 43.00000
48.0195 10.4462 43.00000
48.1090 10.4462 40.00000
48.1986 10.4462 28.00000
48.2881 10.4462 28.00000
48.3776 10.4462 33.40659
48.4671 10.4462 43.00000
48.5567 10.4462 28.00000
48.6462 10.4462 8.00000
48.7357 10.4462 8.00000
48.8252 10.4462 43.00000
48.9148 10.4462 28.85714
49.0043 10.4462 8.00000
49.0938 10.4462 8.00000
49.1833 10.4462 10.00000
49.2729 10.4462 8.21978
49.3624 10.4462 8.00000
49.4519 10.4462 10.00000
49.5414 10.4462 10.00000
49.6310 10.4462 10.00000
49.7205 10.4462 8.00000
46.0500 10.5808 9.00000
46.1395 10.5808 1.00000
46.2290 10.5808 9.00000
46.3186 10.5808 9.00000
46.4081 10.5808 1.00000
46.4976 10.5808 4.16484
46.5871 10.5808 9.00000
46.6767 10.5808 9.00000
46.7662 10.5808 9.00000
46.8557 10.5808 8.00000
46.9452 10.5808 18.00000
47.0348 10.5808 18.00000
47.1243 10.5808 8.00000
47.2138 10.5808 8.00000
47.3033 10.5808 8.00000
47.3929 10.5808 8.00000
47.4824 10.5808 15.14286
47.5719 10.5808 10.00000
47.6614 10.5808 43.00000
47.7510 10.5808 43.00000
47.8405 10.5808 43.00000
47.9300 10.5808 43.00000
48.0195 10.5808 29.81319
48.1090 10.5808 40.00000
48.1986 10.5808 40.00000
48.2881 10.5808 40.00000
48.3776 10.5808 40.00000
48.4671 10.5808 40.00000
48.5567 10.5808 28.00000
48.6462 10.5808 28.00000
48.7357 10.5808 8.00000
48.8252 10.5808 43.00000
48.9148 10.5808 43.00000
49.0043 10.5808 8.00000
49.0938 10.5808 8.00000
49.1833 10.5808 8.00000
49.2729 10.5808 8.26374
49.3624 10.5808 8.00000
49.4519 10.5808 10.00000
49.5414 10.5808 10.00000
49.6310 10.5808 8.00000
49.7205 10.5808 8.00000
46.0500 10.7154 10.00000
46.1395 10.7154 9.00000
46.2290 10.7154 9.00000
46.3186 10.7154 28.00000
46.4081 10.7154 9.00000
46.4976 10.7154 6.27473
46.5871 10.7154 9.00000
46.6767 10.7154 9.00000
46.7662 10.7154 9.00000
46.8557 10.7154 1.00000
46.9452 10.7154 8.00000
47.0348 10.7154 8.00000
47.1243 10.7154 8.00000
47.2138 10.7154 8.00000
47.3033 10.7154 8.00000
47.3929 10.7154 18.00000
47.4824 10.7154 30.49451
47.5719 10.7154 7.36264
47.6614 10.7154 43.00000
47.7510 10.7154 43.00000
47.8405 10.7154 43.00000
47.9300 10.7154 43.00000
48.0195 10.7154 28.00000
48.1090 10.7154 28.00000
48.1986 10.7154 28.00000
48.2881 10.7154 40.00000
48.3776 10.7154 40.00000
48.4671 10.7154 40.00000
48.5567 10.7154 40.00000
48.6462 10.7154 28.00000
48.7357 10.7154 8.00000
48.8252 10.7154 8.00000
48.9148 10.7154 8.00000
49.0043 10.7154 10.00000
49.0938 10.7154 8.00000
49.1833 10.7154 8.00000
49.2729 10.7154 10.00000
49.3624 10.7154 8.00000
49.4519 10.7154 8.00000
49.5414 10.7154 9.14286
49.6310 10.7154 8.00000
49.7205 10.7154 8.00000
46.0500 10.8500 8.00000
46.1395 10.8500 10.00000
46.2290 10.8500 8.00000
46.3186 10.8500 28.00000
46.4081 10.8500 9.00000
46.4976 10.8500 9.00000
46.5871 10.8500 9.00000
46.6767 10.8500 9.00000
46.7662 10.8500 9.00000
46.8557 10.8500 8.00000
46.9452 10.8500 8.00000
47.0348 10.8500 8.00000
47.1243 10.8500 8.00000
47.2138 10.8500 10.42857
47.3033 10.8500 31.00000
47.3929 10.8500 16.57143
47.4824 10.8500 5.85714
47.5719 10.8500 8.00000
47.6614 10.8500 43.00000
47.7510 10.8500 43.00000
47.8405 10.8500 43.00000
47.9300 10.8500 28.00000
48.0195 10.8500 28.00000
48.1090 10.8500 28.00000
48.1986 10.8500 28.00000
48.2881 10.8500 28.00000
48.3776 10.8500 28.00000
48.4671 10.8500 28.00000
48.5567 10.8500 28.00000
48.6462 10.8500 28.00000
48.7357 10.8500 13.71429
48.8252 10.8500 8.00000
48.9148 10.8500 8.00000
49.0043 10.8500 10.00000
49.0938 10.8500 8.00000
49.1833 10.8500 8.00000
49.2729 10.8500 8.00000
49.3624 10.8500 8.00000
49.4519 10.8500 8.00000
49.5414 10.8500 8.00000
49.6310 10.8500 8.00000
49.7205 10.8500 25.14286
46.0500 10.9846 10.00000
46.1395 10.9846 10.00000
46.2290 10.9846 8.00000
46.3186 10.9846 8.00000
46.4081 10.9846 9.00000
46.4976 10.9846 9.00000
46.5871 10.9846 9.00000
46.6767 10.9846 9.00000
46.7662 10.9846 9.00000
46.8557 10.9846 8.34066
46.9452 10.9846 8.00000
47.0348 10.9846 31.00000
47.1243 10.9846 8.00000
47.2138 10.9846 8.00000
47.3033 10.9846 31.00000
47.3929 10.9846 8.00000
47.4824 10.9846 8.00000
47.5719 10.9846 8.00000
47.6614 10.9846 10.00000
47.7510 10.9846 43.00000
47.8405 10.9846 43.00000
47.9300 10.9846 43.00000
48.0195 10.9846 40.00000
48.1090 10.9846 40.00000
48.1986 10.9846 40.00000
48.2881 10.9846 34.32967
48.3776 10.9846 40.00000
48.4671 10.9846 40.00000
48.5567 10.9846 40.00000
48.6462 10.9846 40.00000
48.7357 10.9846 28.00000
48.8252 10.9846 8.00000
48.9148 10.9846 27.12088
49.0043 10.9846 8.00000
49.0938 10.9846 8.00000
49.1833 10.9846 8.00000
49.2729 10.9846 8.00000
49.3624 10.9846 8.00000
49.4519 10.9846 28.00000
49.5414 10.9846 28.00000
49.6310 10.9846 21.18681
49.7205 10.9846 43.00000
46.0500 11.1192 28.00000
46.1395 11.1192 9.00000
46.2290 11.1192 8.00000
46.3186 11.1192 8.00000
46.4081 11.1192 10.00000
46.4976 11.1192 8.00000
46.5871 11.1192 9.00000
46.6767 11.1192 28.00000
46.7662 11.1192 9.00000
46.8557 11.1192 9.00000
46.9452 11.1192 8.00000
47.0348 11.1192 1.00000
47.1243 11.1192 8.00000
47.2138 11.1192 8.00000
47.3033 11.1192 30.00000
47.3929 11.1192 8.00000
47.4824 11.1192 8.00000
47.5719 11.1192 8.00000
47.6614 11.1192 28.00000
47.7510 11.1192 43.00000
47.8405 11.1192 28.00000
47.9300 11.1192 43.00000
48.0195 11.1192 5.00000
48.1090 11.1192 28.00000
48.1986 11.1192 40.00000
48.2881 11.1192 40.00000
48.3776 11.1192 40.00000
48.4671 11.1192 40.00000
48.5567 11.1192 40.00000
48.6462 11.1192 40.00000
48.7357 11.1192 8.00000
48.8252 11.1192 8.00000
48.9148 11.1192 8.00000
49.0043 11.1192 8.00000
49.0938 11.1192 8.30769
49.1833 11.1192 8.00000
49.2729 11.1192 8.00000
49.3624 11.1192 8.00000
49.4519 11.1192 8.00000
49.5414 11.1192 8.85714
49.6310 11.1192 10.00000
49.7205 11.1192 28.00000
46.0500 11.2538 9.00000
46.1395 11.2538 6.15385
46.2290 11.2538 10.00000
46.3186 11.2538 28.00000
46.4081 11.2538 28.00000
46.4976 11.2538 28.00000
46.5871 11.2538 9.00000
46.6767 11.2538 10.00000
46.7662 11.2538 9.00000
46.8557 11.2538 9.00000
46.9452 11.2538 9.00000
47.0348 11.2538 8.00000
47.1243 11.2538 8.00000
47.2138 11.2538 8.00000
47.3033 11.2538 8.00000
47.3929 11.2538 26.05495
47.4824 11.2538 8.00000
47.5719 11.2538 8.00000
47.6614 11.2538 28.00000
47.7510 11.2538 43.00000
47.8405 11.2538 38.82418
47.9300 11.2538 40.00000
48.0195 11.2538 40.00000
48.1090 11.2538 40.00000
48.1986 11.2538 28.00000
48.2881 11.2538 43.00000
48.3776 11.2538 40.00000
48.4671 11.2538 40.00000
48.5567 11.2538 40.00000
48.6462 11.2538 40.00000
48.7357 11.2538 28.00000
48.8252 11.2538 8.00000
48.9148 11.2538 8.00000
49.0043 11.2538 8.00000
49.0938 11.2538 10.00000
49.1833 11.2538 8.00000
49.2729 11.2538 8.00000
49.3624 11.2538 40.00000
49.4519 11.2538 8.00000
49.5414 11.2538 8.85714
49.6310 11.2538 8.90110
49.7205 11.2538 10.00000
46.0500 11.3885 9.00000
46.1395 11.3885 10.00000
46.2290 11.3885 10.00000
46.3186 11.3885 25.62637
46.4081 11.3885 10.00000
46.4976 11.3885 10.00000
46.5871 11.3885 10.00000
46.6767 11.3885 9.00000
46.7662 11.3885 9.00000
46.8557 11.3885 9.00000
46.9452 11.3885 9.00000
47.0348 11.3885 8.57143
47.1243 11.3885 8.00000
47.2138 11.3885 14.80220
47.3033 11.3885 8.00000
47.3929 11.3885 6.00000
47.4824 11.3885 9.97802
47.5719 11.3885 8.00000
47.6614 11.3885 8.00000
47.7510 11.3885 43.00000
47.8405 11.3885 43.00000
47.9300 11.3885 40.00000
48.0195 11.3885 40.00000
48.1090 11.3885 28.00000
48.1986 11.3885 28.00000
48.2881 11.3885 43.00000
48.3776 11.3885 40.00000
48.4671 11.3885 40.00000
48.5567 11.3885 40.00000
48.6462 11.3885 40.00000
48.7357 11.3885 28.00000
48.8252 11.3885 8.00000
48.9148 11.3885 8.00000
49.0043 11.3885 28.00000
49.0938 11.3885 8.00000
49.1833 11.3885 10.00000
49.2729 11.3885 10.00000
49.3624 11.3885 10.00000
49.4519 11.3885 9.14286
49.5414 11.3885 9.14286
49.6310 11.3885 8.00000
49.7205 11.3885 8.00000
46.0500 11.5231 28.00000
46.1395 11.5231 9.00000
46.2290 11.5231 10.00000
46.3186 11.5231 8.00000
46.4081 11.5231 9.16484
46.4976 11.5231 9.00000
46.5871 11.5231 9.00000
46.6767 11.5231 9.00000
46.7662 11.5231 9.00000
46.8557 11.5231 9.00000
46.9452 11.5231 9.00000
47.0348 11.5231 18.00000
47.1243 11.5231 21.71429
47.2138 11.5231 8.91209
47.3033 11.5231 31.00000
47.3929 11.5231 8.00000
47.4824 11.5231 10.85714
47.5719 11.5231 11.06593
47.6614 11.5231 8.00000
47.7510 11.5231 43.00000
47.8405 11.5231 43.00000
47.9300 11.5231 40.00000
48.0195 11.5231 40.00000
48.1090 11.5231 28.00000
48.1986 11.5231 28.00000
48.2881 11.5231 28.00000
48.3776 11.5231 40.00000
48.4671 11.5231 40.00000
48.5567 11.5231 40.00000
48.6462 11.5231 40.00000
48.7357 11.5231 28.00000
48.8252 11.5231 8.00000
48.9148 11.5231 8.00000
49.0043 11.5231 11.51648
49.0938 11.5231 8.00000
49.1833 11.5231 8.00000
49.2729 11.5231 10.00000
49.3624 11.5231 8.00000
49.4519 11.5231 8.00000
49.5414 11.5231 8.00000
49.6310 11.5231 8.00000
49.7205 11.5231 10.00000
46.0500 11.6577 10.00000
46.1395 11.6577 9.00000
46.2290 11.6577 9.00000
46.3186 11.6577 10.00000
46.4081 11.6577 10.00000
46.4976 11.6577 8.28571
46.5871 11.6577 10.00000
46.6767 11.6577 9.00000
46.7662 11.6577 9.00000
46.8557 11.6577 9.00000
46.9452 11.6577 9.00000
47.0348 11.6577 8.00000
47.1243 11.6577 18.00000
47.2138 11.6577 9.00000
47.3033 11.6577 9.00000
47.3929 11.6577 6.79121
47.4824 11.6577 8.00000
47.5719 11.6577 8.00000
47.6614 11.6577 8.00000
47.7510 11.6577 43.00000
47.8405 11.6577 43.00000
47.9300 11.6577 28.00000
48.0195 11.6577 28.00000
48.1090 11.6577 28.00000
48.1986 11.6577 28.00000
48.2881 11.6577 28.00000
48.3776 11.6577 35.38462
48.4671 11.6577 28.00000
48.5567 11.6577 40.00000
48.6462 11.6577 40.00000
48.7357 11.6577 42.14286
48.8252 11.6577 8.00000
48.9148 11.6577 8.00000
49.0043 11.6577 8.00000
49.0938 11.6577 8.00000
49.1833 11.6577 8.00000
49.2729 11.6577 8.00000
49.3624 11.6577 8.00000
49.4519 11.6577 8.00000
49.5414 11.6577 10.00000
49.6310 11.6577 8.00000
49.7205 11.6577 10.00000
46.0500 11.7923 10.00000
46.1395 11.7923 8.00000
46.2290 11.7923 9.00000
46.3186 11.7923 8.00000
46.4081 11.7923 8.00000
46.4976 11.7923 10.00000
46.5871 11.7923 8.00000
46.6767 11.7923 9.00000
46.7662 11.7923 9.00000
46.8557 11.7923 9.00000
46.9452 11.7923 9.00000
47.0348 11.7923 8.00000
47.1243 11.7923 8.00000
47.2138 11.7923 9.00000
47.3033 11.7923 9.00000
47.3929 11.7923 26.85714
47.4824 11.7923 8.00000
47.5719 11.7923 7.14286
47.6614 11.7923 8.00000
47.7510 11.7923 10.00000
47.8405 11.7923 43.00000
47.9300 11.7923 40.00000
48.0195 11.7923 29.71429
48.1090 11.7923 28.00000
48.1986 11.7923 28.00000
48.2881 11.7923 28.00000
48.3776 11.7923 28.00000
48.4671 11.7923 29.71429
48.5567 11.7923 40.00000
48.6462 11.7923 40.00000
48.7357 11.7923 43.00000
48.8252 11.7923 28.00000
48.9148 11.7923 8.00000
49.0043 11.7923 8.00000
49.0938 11.7923 8.00000
49.1833 11.7923 8.00000
49.2729 11.7923 8.00000
49.3624 11.7923 10.00000
49.4519 11.7923 10.00000
49.5414 11.7923 8.00000
49.6310 11.7923 10.00000
49.7205 11.7923 8.00000
46.0500 11.9269 9.00000
46.1395 11.9269 10.00000
46.2290 11.9269 9.00000
46.3186 11.9269 8.00000
46.4081 11.9269 9.00000
46.4976 11.9269 9.71429
46.5871 11.9269 8.38462
46.6767 11.9269 10.00000
46.7662 11.9269 9.00000
46.8557 11.9269 9.00000
46.9452 11.9269 9.00000
47.0348 11.9269 2.75824
47.1243 11.9269 8.00000
47.2138 11.9269 12.72527
47.3033 11.9269 9.00000
47.3929 11.9269 9.00000
47.4824 11.9269 11.84615
47.5719 11.9269 6.85714
47.6614 11.9269 8.00000
47.7510 11.9269 43.00000
47.8405 11.9269 43.00000
47.9300 11.9269 40.00000
48.0195 11.9269 40.00000
48.1090 11.9269 28.00000
48.1986 11.9269 40.00000
48.2881 11.9269 28.00000
48.3776 11.9269 28.00000
48.4671 11.9269 28.00000
48.5567 11.9269 40.00000
48.6462 11.9269 40.00000
48.7357 11.9269 40.00000
48.8252 11.9269 8.00000
48.9148 11.9269 28.00000
49.0043 11.9269 8.00000
49.0938 11.9269 8.00000
49.1833 11.9269 8.00000
49.2729 11.9269 8.00000
49.3624 11.9269 8.00000
49.4519 11.9269 28.85714
49.5414 11.9269 10.00000
49.6310 11.9269 10.00000
49.7205 11.9269 8.00000
46.0500 12.0615 10.00000
46.1395 12.0615 17.31868
46.2290 12.0615 10.00000
46.3186 12.0615 10.00000
46.4081 12.0615 9.00000
46.4976 12.0615 24.43956
46.5871 12.0615 8.00000
46.6767 12.0615 8.00000
46.7662 12.0615 9.00000
46.8557 12.0615 9.00000
46.9452 12.0615 9.00000
47.0348 12.0615 9.00000
47.1243 12.0615 7.34066
47.2138 12.0615 17.51648
47.3033 12.0615 9.00000
47.3929 12.0615 9.00000
47.4824 12.0615 23.71429
47.5719 12.0615 6.85714
47.6614 12.0615 8.00000
47.7510 12.0615 43.00000
47.8405 12.0615 28.00000
47.9300 12.0615 40.00000
48.0195 12.0615 40.00000
48.1090 12.0615 33.93407
48.1986 12.0615 40.00000
48.2881 12.0615 43.00000
48.3776 12.0615 43.00000
48.4671 12.0615 40.00000
48.5567 12.0615 40.00000
48.6462 12.0615 40.00000
48.7357 12.0615 40.00000
48.8252 12.0615 40.00000
48.9148 12.0615 8.00000
49.0043 12.0615 8.00000
49.0938 12.0615 8.00000
49.1833 12.0615 8.00000
49.2729 12.0615 28.00000
49.3624 12.0615 8.00000
49.4519 12.0615 9.00000
49.5414 12.0615 9.82418
49.6310 12.0615 28.00000
49.7205 12.0615 8.00000
46.0500 12.1962 40.00000
46.1395 12.1962 28.00000
46.2290 12.1962 8.00000
46.3186 12.1962 9.80220
46.4081 12.1962 10.00000
46.4976 12.1962 10.00000
46.5871 12.1962 8.00000
46.6767 12.1962 10.00000
46.7662 12.1962 9.00000
46.8557 12.1962 9.00000
46.9452 12.1962 8.00000
47.0348 12.1962 1.00000
47.1243 12.1962 8.00000
47.2138 12.1962 8.00000
47.3033 12.1962 9.00000
47.3929 12.1962 9.00000
47.4824 12.1962 8.78022
47.5719 12.1962 8.00000
47.6614 12.1962 7.80220
47.7510 12.1962 19.42857
47.8405 12.1962 43.00000
47.9300 12.1962 40.00000
48.0195 12.1962 28.39560
48.1090 12.1962 31.92308
48.1986 12.1962 40.00000
48.2881 12.1962 28.00000
48.3776 12.1962 43.00000
48.4671 12.1962 40.00000
48.5567 12.1962 28.00000
48.6462 12.1962 40.00000
48.7357 12.1962 40.00000
48.8252 12.1962 8.00000
48.9148 12.1962 8.00000
49.0043 12.1962 28.00000
49.0938 12.1962 9.00000
49.1833 12.1962 9.00000
49.2729 12.1962 9.96703
49.3624 12.1962 9.42857
49.4519 12.1962 23.61538
49.5414 12.1962 9.00000
49.6310 12.1962 10.00000
49.7205 12.1962 9.00000
46.0500 12.3308 8.00000
46.1395 12.3308 28.00000
46.2290 12.3308 10.00000
46.3186 12.3308 10.00000
46.4081 12.3308 10.00000
46.4976 12.3308 10.00000
46.5871 12.3308 10.00000
46.6767 12.3308 9.00000
46.7662 12.3308 9.00000
46.8557 12.3308 8.00000
46.9452 12.3308 8.00000
47.0348 12.3308 12.28571
47.1243 12.3308 1.00000
47.2138 12.3308 8.00000
47.3033 12.3308 9.00000
47.3929 12.3308 9.00000
47.4824 12.3308 9.00000
47.5719 12.3308 6.00000
47.6614 12.3308 12.28571
47.7510 12.3308 8.00000
47.8405 12.3308 43.00000
47.9300 12.3308 28.00000
48.0195 12.3308 40.00000
48.1090 12.3308 40.00000
48.1986 12.3308 39.20879
48.2881 12.3308 34.42857
48.3776 12.3308 40.00000
48.4671 12.3308 40.00000
48.5567 12.3308 40.00000
48.6462 12.3308 28.00000
48.7357 12.3308 40.00000
48.8252 12.3308 40.00000
48.9148 12.3308 28.00000
49.0043 12.3308 28.00000
49.0938 12.3308 9.00000
49.1833 12.3308 9.00000
49.2729 12.3308 8.00000
49.3624 12.3308 9.00000
49.4519 12.3308 9.00000
49.5414 12.3308 9.00000
49.6310 12.3308 9.00000
49.7205 12.3308 9.00000
46.0500 12.4654 8.00000
46.1395 12.4654 8.00000
46.2290 12.4654 10.00000
46.3186 12.4654 10.00000
46.4081 12.4654 10.00000
46.4976 12.4654 10.00000
46.5871 12.4654 9.00000
46.6767 12.4654 9.00000
46.7662 12.4654 8.00000
46.8557 12.4654 8.00000
46.9452 12.4654 8.00000
47.0348 12.4654 17.26374
47.1243 12.4654 8.00000
47.2138 12.4654 8.00000
47.3033 12.4654 9.00000
47.3929 12.4654 9.00000
47.4824 12.4654 8.94505
47.5719 12.4654 31.00000
47.6614 12.4654 8.00000
47.7510 12.4654 26.90110
47.8405 12.4654 37.57143
47.9300 12.4654 5.00000
48.0195 12.4654 40.00000
48.1090 12.4654 40.00000
48.1986 12.4654 28.00000
48.2881 12.4654 28.00000
48.3776 12.4654 40.00000
48.4671 12.4654 40.00000
48.5567 12.4654 40.00000
48.6462 12.4654 28.00000
48.7357 12.4654 40.00000
48.8252 12.4654 43.00000
48.9148 12.4654 28.00000
49.0043 12.4654 9.00000
49.0938 12.4654 9.00000
49.1833 12.4654 9.00000
49.2729 12.4654 9.00000
49.3624 12.4654 9.00000
49.4519 12.4654 9.00000
49.5414 12.4654 9.00000
49.6310 12.4654 9.00000
49.7205 12.4654 9.00000
46.0500 12.6000 28.00000
46.1395 12.6000 8.00000
46.2290 12.6000 10.00000
46.3186 12.6000 10.00000
46.4081 12.6000 10.00000
46.4976 12.6000 10.00000
46.5871 12.6000 9.00000
46.6767 12.6000 2.00000
46.7662 12.6000 27.71429
46.8557 12.6000 8.00000
46.9452 12.6000 8.00000
47.0348 12.6000 8.00000
47.1243 12.6000 6.71429
47.2138 12.6000 16.57143
47.3033 12.6000 9.00000
47.3929 12.6000 9.00000
47.4824 12.6000 8.00000
47.5719 12.6000 8.00000
47.6614 12.6000 6.00000
47.7510 12.6000 8.00000
47.8405 12.6000 43.00000
47.9300 12.6000 28.00000
48.0195 12.6000 40.00000
48.1090 12.6000 40.00000
48.1986 12.6000 40.00000
48.2881 12.6000 28.00000
48.3776 12.6000 40.00000
48.4671 12.6000 40.00000
48.5567 12.6000 40.00000
48.6462 12.6000 40.00000
48.7357 12.6000 40.00000
48.8252 12.6000 28.00000
48.9148 12.6000 28.00000
49.0043 12.6000 9.00000
49.0938 12.6000 9.00000
49.1833 12.6000 9.00000
49.2729 12.6000 9.00000
49.3624 12.6000 9.00000
49.4519 12.6000 9.00000
49.5414 12.6000 9.00000
49.6310 12.6000 9.00000
49.7205 12.6000 9.00000
46.0500 12.7346 28.00000
46.1395 12.7346 28.00000
46.2290 12.7346 8.00000
46.3186 12.7346 10.00000
46.4081 12.7346 10.00000
46.4976 12.7346 9.00000
46.5871 12.7346 9.00000
46.6767 12.7346 2.00000
46.7662 12.7346 8.00000
46.8557 12.7346 8.00000
46.9452 12.7346 8.00000
47.0348 12.7346 18.00000
47.1243 12.7346 1.00000
47.2138 12.7346 15.91209
47.3033 12.7346 9.00000
47.3929 12.7346 9.00000
47.4824 12.7346 6.00000
47.5719 12.7346 8.00000
47.6614 12.7346 21.14286
47.7510 12.7346 8.00000
47.8405 12.7346 43.00000
47.9300 12.7346 43.00000
48.0195 12.7346 40.00000
48.1090 12.7346 28.00000
48.1986 12.7346 28.00000
48.2881 12.7346 40.00000
48.3776 12.7346 40.00000
48.4671 12.7346 40.00000
48.5567 12.7346 40.00000
48.6462 12.7346 40.00000
48.7357 12.7346 28.00000
48.8252 12.7346 28.00000
48.9148 12.7346 9.00000
49.0043 12.7346 9.00000
49.0938 12.7346 9.00000
49.1833 12.7346 9.00000
49.2729 12.7346 9.00000
49.3624 12.7346 9.00000
49.4519 12.7346 9.00000
49.5414 12.7346 9.00000
49.6310 12.7346 9.00000
49.7205 12.7346 9.00000
46.0500 12.8692 28.00000
46.1395 12.8692 28.00000
46.2290 12.8692 8.00000
46.3186 12.8692 10.00000
46.4081 12.8692 18.70330
46.4976 12.8692 9.00000
46.5871 12.8692 10.00000
46.6767 12.8692 8.00000
46.7662 12.8692 8.00000
46.8557 12.8692 8.00000
46.9452 12.8692 8.00000
47.0348 12.8692 8.69231
47.1243 12.8692 15.14286
47.2138 12.8692 18.00000
47.3033 12.8692 9.00000
47.3929 12.8692 9.00000
47.4824 12.8692 8.00000
47.5719 12.8692 8.00000
47.6614 12.8692 8.00000
47.7510 12.8692 8.00000
47.8405 12.8692 43.00000
47.9300 12.8692 40.00000
48.0195 12.8692 31.00000
48.1090 12.8692 31.00000
48.1986 12.8692 30.00000
48.2881 12.8692 40.00000
48.3776 12.8692 43.00000
48.4671 12.8692 43.00000
48.5567 12.8692 40.00000
48.6462 12.8692 43.00000
48.7357 12.8692 28.00000
48.8252 12.8692 28.00000
48.9148 12.8692 9.00000
49.0043 12.8692 9.00000
49.0938 12.8692 9.00000
49.1833 12.8692 9.00000
49.2729 12.8692 9.00000
49.3624 12.8692 9.00000
49.4519 12.8692 9.00000
49.5414 12.8692 9.00000
49.6310 12.8692 9.00000
49.7205 12.8692 9.00000
46.0500 13.0038 28.00000
46.1395 13.0038 35.91209
46.2290 13.0038 23.38462
46.3186 13.0038 10.00000
46.4081 13.0038 14.15385
46.4976 13.0038 10.00000
46.5871 13.0038 10.00000
46.6767 13.0038 25.92308
46.7662 13.0038 8.85714
46.8557 13.0038 8.00000
46.9452 13.0038 8.00000
47.0348 13.0038 4.07692
47.1243 13.0038 18.00000
47.2138 13.0038 18.00000
47.3033 13.0038 9.00000
47.3929 13.0038 9.00000
47.4824 13.0038 8.00000
47.5719 13.0038 8.00000
47.6614 13.0038 8.00000
47.7510 13.0038 26.00000
47.8405 13.0038 30.90110
47.9300 13.0038 31.00000
48.0195 13.0038 31.00000
48.1090 13.0038 31.00000
48.1986 13.0038 30.00000
48.2881 13.0038 43.00000
48.3776 13.0038 43.00000
48.4671 13.0038 43.00000
48.5567 13.0038 43.00000
48.6462 13.0038 43.00000
48.7357 13.0038 28.00000
48.8252 13.0038 9.00000
48.9148 13.0038 9.00000
49.0043 13.0038 9.00000
49.0938 13.0038 9.00000
49.1833 13.0038 9.00000
49.2729 13.0038 9.00000
49.3624 13.0038 9.00000
49.4519 13.0038 9.00000
49.5414 13.0038 9.00000
49.6310 13.0038 9.00000
49.7205 13.0038 9.00000
46.0500 13.1385 28.00000
46.1395 13.1385 28.00000
46.2290 13.1385 43.00000
46.3186 13.1385 8.00000
46.4081 13.1385 10.00000
46.4976 13.1385 9.00000
46.5871 13.1385 8.85714
46.6767 13.1385 8.00000
46.7662 13.1385 8.00000
46.8557 13.1385 8.00000
46.9452 13.1385 7.86813
47.0348 13.1385 8.00000
47.1243 13.1385 23.92308
47.2138 13.1385 18.00000
47.3033 13.1385 8.00000
47.3929 13.1385 9.00000
47.4824 13.1385 8.00000
47.5719 13.1385 6.00000
47.6614 13.1385 30.00000
47.7510 13.1385 6.00000
47.8405 13.1385 31.00000
47.9300 13.1385 18.00000
48.0195 13.1385 31.00000
48.1090 13.1385 30.00000
48.1986 13.1385 43.00000
48.2881 13.1385 14.85714
48.3776 13.1385 43.00000
48.4671 13.1385 43.00000
48.5567 13.1385 43.00000
48.6462 13.1385 9.00000
48.7357 13.1385 28.00000
48.8252 13.1385 9.00000
48.9148 13.1385 9.00000
49.0043 13.1385 9.00000
49.0938 13.1385 9.00000
49.1833 13.1385 9.00000
49.2729 13.1385 9.00000
49.3624 13.1385 9.00000
49.4519 13.1385 9.00000
49.5414 13.1385 10.00000
49.6310 13.1385 9.00000
49.7205 13.1385 10.00000
46.0500 13.2731 28.00000
46.1395 13.2731 28.00000
46.2290 13.2731 43.00000
46.3186 13.2731 8.00000
46.4081 13.2731 10.00000
46.4976 13.2731 9.28571
46.5871 13.2731 7.14286
46.6767 13.2731 31.00000
46.7662 13.2731 8.00000
46.8557 13.2731 8.00000
46.9452 13.2731 8.00000
47.0348 13.2731 4.07692
47.1243 13.2731 8.00000
47.2138 13.2731 14.15385
47.3033 13.2731 8.00000
47.3929 13.2731 9.00000
47.4824 13.2731 8.00000
47.5719 13.2731 11.97802
47.6614 13.2731 6.00000
47.7510 13.2731 8.00000
47.8405 13.2731 31.00000
47.9300 13.2731 31.00000
48.0195 13.2731 31.00000
48.1090 13.2731 31.00000
48.1986 13.2731 31.00000
48.2881 13.2731 37.76923
48.3776 13.2731 29.64835
48.4671 13.2731 43.00000
48.5567 13.2731 43.00000
48.6462 13.2731 9.00000
48.7357 13.2731 9.00000
48.8252 13.2731 9.00000
48.9148 13.2731 9.00000
49.0043 13.2731 9.00000
49.0938 13.2731 9.00000
49.1833 13.2731 9.00000
49.2729 13.2731 9.00000
49.3624 13.2731 9.00000
49.4519 13.2731 9.00000
49.5414 13.2731 9.00000
49.6310 13.2731 43.00000
49.7205 13.2731 43.00000
46.0500 13.4077 28.00000
46.1395 13.4077 43.00000
46.2290 13.4077 37.92308
46.3186 13.4077 10.00000
46.4081 13.4077 10.00000
46.4976 13.4077 10.00000
46.5871 13.4077 8.00000
46.6767 13.4077 18.00000
46.7662 13.4077 9.00000
46.8557 13.4077 18.00000
46.9452 13.4077 8.00000
47.0348 13.4077 8.00000
47.1243 13.4077 8.00000
47.2138 13.4077 8.00000
47.3033 13.4077 7.00000
47.3929 13.4077 20.84615
47.4824 13.4077 8.00000
47.5719 13.4077 8.00000
47.6614 13.4077 6.00000
47.7510 13.4077 5.28571
47.8405 13.4077 18.00000
47.9300 13.4077 18.00000
48.0195 13.4077 31.00000
48.1090 13.4077 34.95604
48.1986 13.4077 43.00000
48.2881 13.4077 43.00000
48.3776 13.4077 18.03297
48.4671 13.4077 28.00000
48.5567 13.4077 9.00000
48.6462 13.4077 9.00000
48.7357 13.4077 9.00000
48.8252 13.4077 9.00000
48.9148 13.4077 9.00000
49.0043 13.4077 9.00000
49.0938 13.4077 9.00000
49.1833 13.4077 9.00000
49.2729 13.4077 9.00000
49.3624 13.4077 9.00000
49.4519 13.4077 9.00000
49.5414 13.4077 9.00000
49.6310 13.4077 9.00000
49.7205 13.4077 9.00000
46.0500 13.5423 43.00000
46.1395 13.5423 43.00000
46.2290 13.5423 8.00000
46.3186 13.5423 10.00000
46.4081 13.5423 10.00000
46.4976 13.5423 10.00000
46.5871 13.5423 31.00000
46.6767 13.5423 8.00000
46.7662 13.5423 31.00000
46.8557 13.5423 8.00000
46.9452 13.5423 8.00000
47.0348 13.5423 8.00000
47.1243 13.5423 9.93407
47.2138 13.5423 8.00000
47.3033 13.5423 7.46154
47.3929 13.5423 8.00000
47.4824 13.5423 8.00000
47.5719 13.5423 12.28571
47.6614 13.5423 8.00000
47.7510 13.5423 8.70330
47.8405 13.5423 11.00000
47.9300 13.5423 12.00000
48.0195 13.5423 31.00000
48.1090 13.5423 43.00000
48.1986 13.5423 43.00000
48.2881 13.5423 43.00000
48.3776 13.5423 43.00000
48.4671 13.5423 43.00000
48.5567 13.5423 8.00000
48.6462 13.5423 9.00000
48.7357 13.5423 9.00000
48.8252 13.5423 9.00000
48.9148 13.5423 9.00000
49.0043 13.5423 9.00000
49.0938 13.5423 9.00000
49.1833 13.5423 9.00000
49.2729 13.5423 9.00000
49.3624 13.5423 9.00000
49.4519 13.5423 9.00000
49.5414 13.5423 9.00000
49.6310 13.5423 9.00000
49.7205 13.5423 9.00000
46.0500 13.6769 8.00000
46.1395 13.6769 43.00000
46.2290 13.6769 10.00000
46.3186 13.6769 10.00000
46.4081 13.6769 10.00000
46.4976 13.6769 9.71429
46.5871 13.6769 6.00000
46.6767 13.6769 8.00000
46.7662 13.6769 8.00000
46.8557 13.6769 8.00000
46.9452 13.6769 8.00000
47.0348 13.6769 8.00000
47.1243 13.6769 10.52747
47.2138 13.6769 8.00000
47.3033 13.6769 8.00000
47.3929 13.6769 27.71429
47.4824 13.6769 6.00000
47.5719 13.6769 6.00000
47.6614 13.6769 6.00000
47.7510 13.6769 8.00000
47.8405 13.6769 7.71429
47.9300 13.6769 18.00000
48.0195 13.6769 43.00000
48.1090 13.6769 43.00000
48.1986 13.6769 43.00000
48.2881 13.6769 43.00000
48.3776 13.6769 21.46154
48.4671 13.6769 8.00000
48.5567 13.6769 9.00000
48.6462 13.6769 9.00000
48.7357 13.6769 9.00000
48.8252 13.6769 9.00000
48.9148 13.6769 9.00000
49.0043 13.6769 9.00000
49.0938 13.6769 9.00000
49.1833 13.6769 9.00000
49.2729 13.6769 9.00000
49.3624 13.6769 9.00000
49.4519 13.6769 9.00000
49.5414 13.6769 9.00000
49.6310 13.6769 9.00000
49.7205 13.6769 9.00000
46.0500 13.8115 8.00000
46.1395 13.8115 10.00000
46.2290 13.8115 8.00000
46.3186 13.8115 10.00000
46.4081 13.8115 10.00000
46.4976 13.8115 8.71429
46.5871 13.8115 6.00000
46.6767 13.8115 8.00000
46.7662 13.8115 8.90110
46.8557 13.8115 9.00000
46.9452 13.8115 9.00000
47.0348 13.8115 8.00000
47.1243 13.8115 18.00000
47.2138 13.8115 8.00000
47.3033 13.8115 8.00000
47.3929 13.8115 8.00000
47.4824 13.8115 6.00000
47.5719 13.8115 6.00000
47.6614 13.8115 6.00000
47.7510 13.8115 8.00000
47.8405 13.8115 10.63736
47.9300 13.8115 31.00000
48.0195 13.8115 31.00000
48.1090 13.8115 33.63736
48.1986 13.8115 43.00000
48.2881 13.8115 43.00000
48.3776 13.8115 43.00000
48.4671 13.8115 8.00000
48.5567 13.8115 8.00000
48.6462 13.8115 9.00000
48.7357 13.8115 8.71429
48.8252 13.8115 9.00000
48.9148 13.8115 9.00000
49.0043 13.8115 9.00000
49.0938 13.8115 9.00000
49.1833 13.8115 9.00000
49.2729 13.8115 9.00000
49.3624 13.8115 9.00000
49.4519 13.8115 9.00000
49.5414 13.8115 9.00000
49.6310 13.8115 9.00000
49.7205 13.8115 9.00000
46.0500 13.9462 9.00000
46.1395 13.9462 8.00000
46.2290 13.9462 9.42857
46.3186 13.9462 10.00000
46.4081 13.9462 10.00000
46.4976 13.9462 8.00000
46.5871 13.9462 11.28571
46.6767 13.9462 8.00000
46.7662 13.9462 9.00000
46.8557 13.9462 9.00000
46.9452 13.9462 9.00000
47.0348 13.9462 8.00000
47.1243 13.9462 8.00000
47.2138 13.9462 8.00000
47.3033 13.9462 8.00000
47.3929 13.9462 8.00000
47.4824 13.9462 39.57143
47.5719 13.9462 6.87912
47.6614 13.9462 6.00000
47.7510 13.9462 8.00000
47.8405 13.9462 8.00000
47.9300 13.9462 18.00000
48.0195 13.9462 43.00000
48.1090 13.9462 30.00000
48.1986 13.9462 43.00000
48.2881 13.9462 43.00000
48.3776 13.9462 8.00000
48.4671 13.9462 8.00000
48.5567 13.9462 8.00000
48.6462 13.9462 8.00000
48.7357 13.9462 9.00000
48.8252 13.9462 9.00000
48.9148 13.9462 9.00000
49.0043 13.9462 9.00000
49.0938 13.9462 9.00000
49.1833 13.9462 9.00000
49.2729 13.9462 9.00000
49.3624 13.9462 9.00000
49.4519 13.9462 9.00000
49.5414 13.9462 9.00000
49.6310 13.9462 9.00000
49.7205 13.9462 9.00000
46.0500 14.0808 9.00000
46.1395 14.0808 9.00000
46.2290 14.0808 10.00000
46.3186 14.0808 10.00000
46.4081 14.0808 11.18681
46.4976 14.0808 8.00000
46.5871 14.0808 8.00000
46.6767 14.0808 8.00000
46.7662 14.0808 9.00000
46.8557 14.0808 9.96703
46.9452 14.0808 9.00000
47.0348 14.0808 8.00000
47.1243 14.0808 8.15385
47.2138 14.0808 8.00000
47.3033 14.0808 8.00000
47.3929 14.0808 8.00000
47.4824 14.0808 9.00000
47.5719 14.0808 6.39560
47.6614 14.0808 6.00000
47.7510 14.0808 8.00000
47.8405 14.0808 6.00000
47.9300 14.0808 20.00000
48.0195 14.0808 31.00000
48.1090 14.0808 43.00000
48.1986 14.0808 30.00000
48.2881 14.0808 30.00000
48.3776 14.0808 8.00000
48.4671 14.0808 8.00000
48.5567 14.0808 8.00000
48.6462 14.0808 9.00000
48.7357 14.0808 5.17582
48.8252 14.0808 9.00000
48.9148 14.0808 9.00000
49.0043 14.0808 9.00000
49.0938 14.0808 9.00000
49.1833 14.0808 9.00000
49.2729 14.0808 40.00000
49.3624 14.0808 9.00000
49.4519 14.0808 9.00000
49.5414 14.0808 9.00000
49.6310 14.0808 9.00000
49.7205 14.0808 9.00000
46.0500 14.2154 8.00000
46.1395 14.2154 11.71429
46.2290 14.2154 9.00000
46.3186 14.2154 43.00000
46.4081 14.2154 8.00000
46.4976 14.2154 7.42857
46.5871 14.2154 38.00000
46.6767 14.2154 4.00000
46.7662 14.2154 8.00000
46.8557 14.2154 30.64835
46.9452 14.2154 8.39560
47.0348 14.2154 9.00000
47.1243 14.2154 31.00000
47.2138 14.2154 8.00000
47.3033 14.2154 8.00000
47.3929 14.2154 8.00000
47.4824 14.2154 7.57143
47.5719 14.2154 17.85714
47.6614 14.2154 6.00000
47.7510 14.2154 8.00000
47.8405 14.2154 8.00000
47.9300 14.2154 17.84615
48.0195 14.2154 31.00000
48.1090 14.2154 43.00000
48.1986 14.2154 30.00000
48.2881 14.2154 21.14286
48.3776 14.2154 8.00000
48.4671 14.2154 8.00000
48.5567 14.2154 8.00000
48.6462 14.2154 8.42857
48.7357 14.2154 9.00000
48.8252 14.2154 9.00000
48.9148 14.2154 9.00000
49.0043 14.2154 9.00000
49.0938 14.2154 9.34066
49.1833 14.2154 9.00000
49.2729 14.2154 9.00000
49.3624 14.2154 9.00000
49.4519 14.2154 9.00000
49.5414 14.2154 9.00000
49.6310 14.2154 9.00000
49.7205 14.2154 9.00000
46.0500 14.3500 9.00000
46.1395 14.3500 38.14286
46.2290 14.3500 28.00000
46.3186 14.3500 43.00000
46.4081 14.3500 8.00000
46.4976 14.3500 8.00000
46.5871 14.3500 43.00000
46.6767 14.3500 9.00000
46.7662 14.3500 30.85714
46.8557 14.3500 8.00000
46.9452 14.3500 8.42857
47.0348 14.3500 8.00000
47.1243 14.3500 9.00000
47.2138 14.3500 8.00000
47.3033 14.3500 8.00000
47.3929 14.3500 8.00000
47.4824 14.3500 8.00000
47.5719 14.3500 9.00000
47.6614 14.3500 8.00000
47.7510 14.3500 6.00000
47.8405 14.3500 8.00000
47.9300 14.3500 18.00000
48.0195 14.3500 18.00000
48.1090 14.3500 43.00000
48.1986 14.3500 43.00000
48.2881 14.3500 20.57143
48.3776 14.3500 8.00000
48.4671 14.3500 8.00000
48.5567 14.3500 8.00000
48.6462 14.3500 9.00000
48.7357 14.3500 9.00000
48.8252 14.3500 9.00000
48.9148 14.3500 9.00000
49.0043 14.3500 40.00000
49.0938 14.3500 40.00000
49.1833 14.3500 9.00000
49.2729 14.3500 9.00000
49.3624 14.3500 9.00000
49.4519 14.3500 9.00000
49.5414 14.3500 9.00000
49.6310 14.3500 9.00000
49.7205 14.3500 9.00000
46.0500 14.4846 28.00000
46.1395 14.4846 8.00000
46.2290 14.4846 28.00000
46.3186 14.4846 8.00000
46.4081 14.4846 9.00000
46.4976 14.4846 6.52747
46.5871 14.4846 31.79121
46.6767 14.4846 9.00000
46.7662 14.4846 12.59341
46.8557 14.4846 18.26374
46.9452 14.4846 6.28571
47.0348 14.4846 8.03297
47.1243 14.4846 8.00000
47.2138 14.4846 31.00000
47.3033 14.4846 8.00000
47.3929 14.4846 8.00000
47.4824 14.4846 9.00000
47.5719 14.4846 8.00000
47.6614 14.4846 7.05495
47.7510 14.4846 8.00000
47.8405 14.4846 17.34066
47.9300 14.4846 8.00000
48.0195 14.4846 18.00000
48.1090 14.4846 31.00000
48.1986 14.4846 30.04396
48.2881 14.4846 41.46154
48.3776 14.4846 8.00000
48.4671 14.4846 8.00000
48.5567 14.4846 8.00000
48.6462 14.4846 8.98901
48.7357 14.4846 9.00000
48.8252 14.4846 9.00000
48.9148 14.4846 22.28571
49.0043 14.4846 40.00000
49.0938 14.4846 9.00000
49.1833 14.4846 9.00000
49.2729 14.4846 9.00000
49.3624 14.4846 9.00000
49.4519 14.4846 9.00000
49.5414 14.4846 9.00000
49.6310 14.4846 9.00000
49.7205 14.4846 9.00000
46.0500 14.6192 28.00000
46.1395 14.6192 25.14286
46.2290 14.6192 11.07692
46.3186 14.6192 8.00000
46.4081 14.6192 8.42857
46.4976 14.6192 7.91209
46.5871 14.6192 30.00000
46.6767 14.6192 9.00000
46.7662 14.6192 8.00000
46.8557 14.6192 8.00000
46.9452 14.6192 8.00000
47.0348 14.6192 8.00000
47.1243 14.6192 8.00000
47.2138 14.6192 10.90110
47.3033 14.6192 8.00000
47.3929 14.6192 7.00000
47.4824 14.6192 9.00000
47.5719 14.6192 8.00000
47.6614 14.6192 7.27473
47.7510 14.6192 10.63736
47.8405 14.6192 8.00000
47.9300 14.6192 18.00000
48.0195 14.6192 18.00000
48.1090 14.6192 43.00000
48.1986 14.6192 30.00000
48.2881 14.6192 8.00000
48.3776 14.6192 8.00000
48.4671 14.6192 8.00000
48.5567 14.6192 8.00000
48.6462 14.6192 9.00000
48.7357 14.6192 9.00000
48.8252 14.6192 9.00000
48.9148 14.6192 40.00000
49.0043 14.6192 9.00000
49.0938 14.6192 40.00000
49.1833 14.6192 40.00000
49.2729 14.6192 40.00000
49.3624 14.6192 9.00000
49.4519 14.6192 9.00000
49.5414 14.6192 9.00000
49.6310 14.6192 9.00000
49.7205 14.6192 9.00000
46.0500 14.7538 9.00000
46.1395 14.7538 13.00000
46.2290 14.7538 8.00000
46.3186 14.7538 8.00000
46.4081 14.7538 8.00000
46.4976 14.7538 7.42857
46.5871 14.7538 26.45055
46.6767 14.7538 30.00000
46.7662 14.7538 8.00000
46.8557 14.7538 8.00000
46.9452 14.7538 8.00000
47.0348 14.7538 8.00000
47.1243 14.7538 8.00000
47.2138 14.7538 30.42857
47.3033 14.7538 8.00000
47.3929 14.7538 7.00000
47.4824 14.7538 8.06593
47.5719 14.7538 7.34066
47.6614 14.7538 15.42857
47.7510 14.7538 8.00000
47.8405 14.7538 8.00000
47.9300 14.7538 8.00000
48.0195 14.7538 30.00000
48.1090 14.7538 43.00000
48.1986 14.7538 30.00000
48.2881 14.7538 8.00000
48.3776 14.7538 8.00000
48.4671 14.7538 8.00000
48.5567 14.7538 8.00000
48.6462 14.7538 8.00000
48.7357 14.7538 9.00000
48.8252 14.7538 40.00000
48.9148 14.7538 40.00000
49.0043 14.7538 15.00000
49.0938 14.7538 40.00000
49.1833 14.7538 40.00000
49.2729 14.7538 9.00000
49.3624 14.7538 9.00000
49.4519 14.7538 9.00000
49.5414 14.7538 9.00000
49.6310 14.7538 9.00000
49.7205 14.7538 9.00000
46.0500 14.8885 9.00000
46.1395 14.8885 43.00000
46.2290 14.8885 8.00000
46.3186 14.8885 15.34066
46.4081 14.8885 10.00000
46.4976 14.8885 8.00000
46.5871 14.8885 9.00000
46.6767 14.8885 8.00000
46.7662 14.8885 32.71429
46.8557 14.8885 8.00000
46.9452 14.8885 8.00000
47.0348 14.8885 8.00000
47.1243 14.8885 8.00000
47.2138 14.8885 43.00000
47.3033 14.8885 8.00000
47.3929 14.8885 31.00000
47.4824 14.8885 8.00000
47.5719 14.8885 8.00000
47.6614 14.8885 11.93407
47.7510 14.8885 8.00000
47.8405 14.8885 8.00000
47.9300 14.8885 8.00000
48.0195 14.8885 18.00000
48.1090 14.8885 30.00000
48.1986 14.8885 8.00000
48.2881 14.8885 8.00000
48.3776 14.8885 8.00000
48.4671 14.8885 8.00000
48.5567 14.8885 8.00000
48.6462 14.8885 8.00000
48.7357 14.8885 8.00000
48.8252 14.8885 40.00000
48.9148 14.8885 40.00000
49.0043 14.8885 13.48352
49.0938 14.8885 9.00000
49.1833 14.8885 9.00000
49.2729 14.8885 9.00000
49.3624 14.8885 9.00000
49.4519 14.8885 9.00000
49.5414 14.8885 9.00000
49.6310 14.8885 9.00000
49.7205 14.8885 9.00000
46.0500 15.0231 8.00000
46.1395 15.0231 8.00000
46.2290 15.0231 8.00000
46.3186 15.0231 28.00000
46.4081 15.0231 43.00000
46.4976 15.0231 33.28571
46.5871 15.0231 26.32967
46.6767 15.0231 8.00000
46.7662 15.0231 8.00000
46.8557 15.0231 8.00000
46.9452 15.0231 8.00000
47.0348 15.0231 6.94505
47.1243 15.0231 8.00000
47.2138 15.0231 8.00000
47.3033 15.0231 8.00000
47.3929 15.0231 40.01099
47.4824 15.0231 9.00000
47.5719 15.0231 8.00000
47.6614 15.0231 6.85714
47.7510 15.0231 7.12088
47.8405 15.0231 8.00000
47.9300 15.0231 8.00000
48.0195 15.0231 18.00000
48.1090 15.0231 43.00000
48.1986 15.0231 31.00000
48.2881 15.0231 8.00000
48.3776 15.0231 8.00000
48.4671 15.0231 8.00000
48.5567 15.0231 8.00000
48.6462 15.0231 8.00000
48.7357 15.0231 8.00000
48.8252 15.0231 8.00000
48.9148 15.0231 8.00000
49.0043 15.0231 8.00000
49.0938 15.0231 9.00000
49.1833 15.0231 9.00000
49.2729 15.0231 9.00000
49.3624 15.0231 9.00000
49.4519 15.0231 9.00000
49.5414 15.0231 9.00000
49.6310 15.0231 9.00000
49.7205 15.0231 9.00000
46.0500 15.1577 43.00000
46.1395 15.1577 43.00000
46.2290 15.1577 22.28571
46.3186 15.1577 43.00000
46.4081 15.1577 43.00000
46.4976 15.1577 9.00000
46.5871 15.1577 10.25275
46.6767 15.1577 8.00000
46.7662 15.1577 8.00000
46.8557 15.1577 8.00000
46.9452 15.1577 8.00000
47.0348 15.1577 23.00000
47.1243 15.1577 18.00000
47.2138 15.1577 7.42857
47.3033 15.1577 8.00000
47.3929 15.1577 30.00000
47.4824 15.1577 9.00000
47.5719 15.1577 8.00000
47.6614 15.1577 8.00000
47.7510 15.1577 8.00000
47.8405 15.1577 6.28571
47.9300 15.1577 8.00000
48.0195 15.1577 25.19780
48.1090 15.1577 43.00000
48.1986 15.1577 38.38462
48.2881 15.1577 8.00000
48.3776 15.1577 8.00000
48.4671 15.1577 8.00000
48.5567 15.1577 8.00000
48.6462 15.1577 8.00000
48.7357 15.1577 24.15385
48.8252 15.1577 8.00000
48.9148 15.1577 8.00000
49.0043 15.1577 9.00000
49.0938 15.1577 9.00000
49.1833 15.1577 9.00000
49.2729 15.1577 9.00000
49.3624 15.1577 9.00000
49.4519 15.1577 9.00000
49.5414 15.1577 9.00000
49.6310 15.1577 9.00000
49.7205 15.1577 9.00000
46.0500 15.2923 43.00000
46.1395 15.2923 43.00000
46.2290 15.2923 28.00000
46.3186 15.2923 39.53846
46.4081 15.2923 43.00000
46.4976 15.2923 9.00000
46.5871 15.2923 8.00000
46.6767 15.2923 43.00000
46.7662 15.2923 41.28571
46.8557 15.2923 43.00000
46.9452 15.2923 43.00000
47.0348 15.2923 31.00000
47.1243 15.2923 26.84615
47.2138 15.2923 8.00000
47.3033 15.2923 8.00000
47.3929 15.2923 27.71429
47.4824 15.2923 43.00000
47.5719 15.2923 8.00000
47.6614 15.2923 7.57143
47.7510 15.2923 6.00000
47.8405 15.2923 8.00000
47.9300 15.2923 8.00000
48.0195 15.2923 8.00000
48.1090 15.2923 43.00000
48.1986 15.2923 8.00000
48.2881 15.2923 8.00000
48.3776 15.2923 8.00000
48.4671 15.2923 8.00000
48.5567 15.2923 8.00000
48.6462 15.2923 8.00000
48.7357 15.2923 43.00000
48.8252 15.2923 8.00000
48.9148 15.2923 8.00000
49.0043 15.2923 9.00000
49.0938 15.2923 9.00000
49.1833 15.2923 9.00000
49.2729 15.2923 9.00000
49.3624 15.2923 9.00000
49.4519 15.2923 9.00000
49.5414 15.2923 9.00000
49.6310 15.2923 9.00000
49.7205 15.2923 9.00000
46.0500 15.4269 21.46154
46.1395 15.4269 43.00000
46.2290 15.4269 43.00000
46.3186 15.4269 43.00000
46.4081 15.4269 9.00000
46.4976 15.4269 9.00000
46.5871 15.4269 9.00000
46.6767 15.4269 43.00000
46.7662 15.4269 9.00000
46.8557 15.4269 31.00000
46.9452 15.4269 30.00000
47.0348 15.4269 30.00000
47.1243 15.4269 43.00000
47.2138 15.4269 9.00000
47.3033 15.4269 8.00000
47.3929 15.4269 9.00000
47.4824 15.4269 29.70330
47.5719 15.4269 7.57143
47.6614 15.4269 6.00000
47.7510 15.4269 6.57143
47.8405 15.4269 7.71429
47.9300 15.4269 8.00000
48.0195 15.4269 16.57143
48.1090 15.4269 37.96703
48.1986 15.4269 35.30769
48.2881 15.4269 9.00000
48.3776 15.4269 24.42857
48.4671 15.4269 8.00000
48.5567 15.4269 6.46154
48.6462 15.4269 43.00000
48.7357 15.4269 9.00000
48.8252 15.4269 8.00000
48.9148 15.4269 8.00000
49.0043 15.4269 9.00000
49.0938 15.4269 9.00000
49.1833 15.4269 9.00000
49.2729 15.4269 9.00000
49.3624 15.4269 9.00000
49.4519 15.4269 9.00000
49.5414 15.4269 9.00000
49.6310 15.4269 9.00000
49.7205 15.4269 9.00000
46.0500 15.5615 43.00000
46.1395 15.5615 43.00000
46.2290 15.5615 28.00000
46.3186 15.5615 36.57143
46.4081 15.5615 43.00000
46.4976 15.5615 9.00000
46.5871 15.5615 9.00000
46.6767 15.5615 43.00000
46.7662 15.5615 30.00000
46.8557 15.5615 30.00000
46.9452 15.5615 43.00000
47.0348 15.5615 43.00000
47.1243 15.5615 43.00000
47.2138 15.5615 8.00000
47.3033 15.5615 9.00000
47.3929 15.5615 8.09890
47.4824 15.5615 8.00000
47.5719 15.5615 8.00000
47.6614 15.5615 9.00000
47.7510 15.5615 8.00000
47.8405 15.5615 8.00000
47.9300 15.5615 8.00000
48.0195 15.5615 8.00000
48.1090 15.5615 18.00000
48.1986 15.5615 43.00000
48.2881 15.5615 43.00000
48.3776 15.5615 38.71429
48.4671 15.5615 8.00000
48.5567 15.5615 8.00000
48.6462 15.5615 8.00000
48.7357 15.5615 8.00000
48.8252 15.5615 8.00000
48.9148 15.5615 9.00000
49.0043 15.5615 9.00000
49.0938 15.5615 9.00000
49.1833 15.5615 9.00000
49.2729 15.5615 9.00000
49.3624 15.5615 9.00000
49.4519 15.5615 9.00000
49.5414 15.5615 9.00000
49.6310 15.5615 9.00000
49.7205 15.5615 9.00000
46.0500 15.6962 8.00000
46.1395 15.6962 40.00000
46.2290 15.6962 43.00000
46.3186 15.6962 36.40659
46.4081 15.6962 43.00000
46.4976 15.6962 28.00000
46.5871 15.6962 28.00000
46.6767 15.6962 28.00000
46.7662 15.6962 31.00000
46.8557 15.6962 43.00000
46.9452 15.6962 43.00000
47.0348 15.6962 43.00000
47.1243 15.6962 31.00000
47.2138 15.6962 43.00000
47.3033 15.6962 8.00000
47.3929 15.6962 8.00000
47.4824 15.6962 8.00000
47.5719 15.6962 8.00000
47.6614 15.6962 7.57143
47.7510 15.6962 6.00000
47.8405 15.6962 8.00000
47.9300 15.6962 8.00000
48.0195 15.6962 8.00000
48.1090 15.6962 18.00000
48.1986 15.6962 43.00000
48.2881 15.6962 30.00000
48.3776 15.6962 42.14286
48.4671 15.6962 38.91209
48.5567 15.6962 8.00000
48.6462 15.6962 31.00000
48.7357 15.6962 8.00000
48.8252 15.6962 43.00000
48.9148 15.6962 9.00000
49.0043 15.6962 9.00000
49.0938 15.6962 9.00000
49.1833 15.6962 9.00000
49.2729 15.6962 9.00000
49.3624 15.6962 9.00000
49.4519 15.6962 9.00000
49.5414 15.6962 9.00000
49.6310 15.6962 9.00000
49.7205 15.6962 9.00000
46.0500 15.8308 40.00000
46.1395 15.8308 42.57143
46.2290 15.8308 43.00000
46.3186 15.8308 43.00000
46.4081 15.8308 28.00000
46.4976 15.8308 40.00000
46.5871 15.8308 43.00000
46.6767 15.8308 43.00000
46.7662 15.8308 31.00000
46.8557 15.8308 31.00000
46.9452 15.8308 43.00000
47.0348 15.8308 43.00000
47.1243 15.8308 43.00000
47.2138 15.8308 43.00000
47.3033 15.8308 43.00000
47.3929 15.8308 8.00000
47.4824 15.8308 7.75824
47.5719 15.8308 8.00000
47.6614 15.8308 8.00000
47.7510 15.8308 6.00000
47.8405 15.8308 8.00000
47.9300 15.8308 6.00000
48.0195 15.8308 9.42857
48.1090 15.8308 18.00000
48.1986 15.8308 43.00000
48.2881 15.8308 41.94505
48.3776 15.8308 30.00000
48.4671 15.8308 43.00000
48.5567 15.8308 13.38462
48.6462 15.8308 37.61538
48.7357 15.8308 8.00000
48.8252 15.8308 20.71429
48.9148 15.8308 9.00000
49.0043 15.8308 9.00000
49.0938 15.8308 9.00000
49.1833 15.8308 9.00000
49.2729 15.8308 9.00000
49.3624 15.8308 9.00000
49.4519 15.8308 9.00000
49.5414 15.8308 9.00000
49.6310 15.8308 9.00000
49.7205 15.8308 10.00000
46.0500 15.9654 40.00000
46.1395 15.9654 43.00000
46.2290 15.9654 43.00000
46.3186 15.9654 43.00000
46.4081 15.9654 28.00000
46.4976 15.9654 40.00000
46.5871 15.9654 40.85714
46.6767 15.9654 28.00000
46.7662 15.9654 40.62637
46.8557 15.9654 43.00000
46.9452 15.9654 31.00000
47.0348 15.9654 37.85714
47.1243 15.9654 43.00000
47.2138 15.9654 43.00000
47.3033 15.9654 8.00000
47.3929 15.9654 8.00000
47.4824 15.9654 8.00000
47.5719 15.9654 8.00000
47.6614 15.9654 8.00000
47.7510 15.9654 6.00000
47.8405 15.9654 8.00000
47.9300 15.9654 8.00000
48.0195 15.9654 8.00000
48.1090 15.9654 21.71429
48.1986 15.9654 18.00000
48.2881 15.9654 37.42857
48.3776 15.9654 30.00000
48.4671 15.9654 43.00000
48.5567 15.9654 43.00000
48.6462 15.9654 43.00000
48.7357 15.9654 43.00000
48.8252 15.9654 43.00000
48.9148 15.9654 9.00000
49.0043 15.9654 9.00000
49.0938 15.9654 9.00000
49.1833 15.9654 9.00000
49.2729 15.9654 9.00000
49.3624 15.9654 9.00000
49.4519 15.9654 9.00000
49.5414 15.9654 9.00000
49.6310 15.9654 9.65934
49.7205 15.9654 9.00000
46.0500 16.1000 28.00000
46.1395 16.1000 43.00000
46.2290 16.1000 28.00000
46.3186 16.1000 40.00000
46.4081 16.1000 33.14286
46.4976 16.1000 40.00000
46.5871 16.1000 28.00000
46.6767 16.1000 28.00000
46.7662 16.1000 40.00000
46.8557 16.1000 40.00000
46.9452 16.1000 41.71429
47.0348 16.1000 31.00000
47.1243 16.1000 31.00000
47.2138 16.1000 31.00000
47.3033 16.1000 43.00000
47.3929 16.1000 43.00000
47.4824 16.1000 8.00000
47.5719 16.1000 31.00000
47.6614 16.1000 23.00000
47.7510 16.1000 30.00000
47.8405 16.1000 18.00000
47.9300 16.1000 6.00000
48.0195 16.1000 8.00000
48.1090 16.1000 18.00000
48.1986 16.1000 18.00000
48.2881 16.1000 43.00000
48.3776 16.1000 30.00000
48.4671 16.1000 43.00000
48.5567 16.1000 43.00000
48.6462 16.1000 31.00000
48.7357 16.1000 43.00000
48.8252 16.1000 43.00000
48.9148 16.1000 43.00000
49.0043 16.1000 9.00000
49.0938 16.1000 9.00000
49.1833 16.1000 9.00000
49.2729 16.1000 9.00000
49.3624 16.1000 9.00000
49.4519 16.1000 9.00000
49.5414 16.1000 9.00000
49.6310 16.1000 9.00000
49.7205 16.1000 9.00000
46.0500 16.2346 40.00000
46.1395 16.2346 40.00000
46.2290 16.2346 40.00000
46.3186 16.2346 40.00000
46.4081 16.2346 40.00000
46.4976 16.2346 36.57143
46.5871 16.2346 28.00000
46.6767 16.2346 28.00000
46.7662 16.2346 40.00000
46.8557 16.2346 40.00000
46.9452 16.2346 31.00000
47.0348 16.2346 43.00000
47.1243 16.2346 43.00000
47.2138 16.2346 43.00000
47.3033 16.2346 42.07692
47.3929 16.2346 40.49451
47.4824 16.2346 31.07692
47.5719 16.2346 8.00000
47.6614 16.2346 17.97802
47.7510 16.2346 30.00000
47.8405 16.2346 30.00000
47.9300 16.2346 31.00000
48.0195 16.2346 40.30769
48.1090 16.2346 10.85714
48.1986 16.2346 24.85714
48.2881 16.2346 18.00000
48.3776 16.2346 30.00000
48.4671 16.2346 43.00000
48.5567 16.2346 43.00000
48.6462 16.2346 43.00000
48.7357 16.2346 43.00000
48.8252 16.2346 43.00000
48.9148 16.2346 28.00000
49.0043 16.2346 40.38462
49.0938 16.2346 9.00000
49.1833 16.2346 9.00000
49.2729 16.2346 9.00000
49.3624 16.2346 9.00000
49.4519 16.2346 9.00000
49.5414 16.2346 9.00000
49.6310 16.2346 9.00000
49.7205 16.2346 9.00000
46.0500 16.3692 40.00000
46.1395 16.3692 36.19780
46.2290 16.3692 40.72527
46.3186 16.3692 18.14286
46.4081 16.3692 40.00000
46.4976 16.3692 40.00000
46.5871 16.3692 28.00000
46.6767 16.3692 40.00000
46.7662 16.3692 40.00000
46.8557 16.3692 40.00000
46.9452 16.3692 40.00000
47.0348 16.3692 43.00000
47.1243 16.3692 43.00000
47.2138 16.3692 43.00000
47.3033 16.3692 18.00000
47.3929 16.3692 39.97802
47.4824 16.3692 43.00000
47.5719 16.3692 11.07692
47.6614 16.3692 36.34066
47.7510 16.3692 39.57143
47.8405 16.3692 43.00000
47.9300 16.3692 30.00000
48.0195 16.3692 31.00000
48.1090 16.3692 43.00000
48.1986 16.3692 35.35165
48.2881 16.3692 30.00000
48.3776 16.3692 41.04396
48.4671 16.3692 43.00000
48.5567 16.3692 37.00000
48.6462 16.3692 43.00000
48.7357 16.3692 28.85714
48.8252 16.3692 34.42857
48.9148 16.3692 43.00000
49.0043 16.3692 33.28571
49.0938 16.3692 9.00000
49.1833 16.3692 43.00000
49.2729 16.3692 9.00000
49.3624 16.3692 9.00000
49.4519 16.3692 9.00000
49.5414 16.3692 9.00000
49.6310 16.3692 9.00000
49.7205 16.3692 10.00000
46.0500 16.5038 40.00000
46.1395 16.5038 43.00000
46.2290 16.5038 28.00000
46.3186 16.5038 28.00000
46.4081 16.5038 40.00000
46.4976 16.5038 28.00000
46.5871 16.5038 40.00000
46.6767 16.5038 28.00000
46.7662 16.5038 40.00000
46.8557 16.5038 40.00000
46.9452 16.5038 40.00000
47.0348 16.5038 40.00000
47.1243 16.5038 39.57143
47.2138 16.5038 43.00000
47.3033 16.5038 40.00000
47.3929 16.5038 10.78022
47.4824 16.5038 43.00000
47.5719 16.5038 43.00000
47.6614 16.5038 43.00000
47.7510 16.5038 32.45055
47.8405 16.5038 43.00000
47.9300 16.5038 31.00000
48.0195 16.5038 30.00000
48.1090 16.5038 43.00000
48.1986 16.5038 30.00000
48.2881 16.5038 30.00000
48.3776 16.5038 43.00000
48.4671 16.5038 43.00000
48.5567 16.5038 43.00000
48.6462 16.5038 43.00000
48.7357 16.5038 43.00000
48.8252 16.5038 40.00000
48.9148 16.5038 43.00000
49.0043 16.5038 39.70330
49.0938 16.5038 43.00000
49.1833 16.5038 43.00000
49.2729 16.5038 9.00000
49.3624 16.5038 43.00000
49.4519 16.5038 9.00000
49.5414 16.5038 9.00000
49.6310 16.5038 10.00000
49.7205 16.5038 8.00000
46.0500 16.6385 40.00000
46.1395 16.6385 40.00000
46.2290 16.6385 29.05495
46.3186 16.6385 5.00000
46.4081 16.6385 28.00000
46.4976 16.6385 28.00000
46.5871 16.6385 28.00000
46.6767 16.6385 40.00000
46.7662 16.6385 40.00000
46.8557 16.6385 40.00000
46.9452 16.6385 40.00000
47.0348 16.6385 40.00000
47.1243 16.6385 43.00000
47.2138 16.6385 40.00000
47.3033 16.6385 43.00000
47.3929 16.6385 43.00000
47.4824 16.6385 43.00000
47.5719 16.6385 43.00000
47.6614 16.6385 43.00000
47.7510 16.6385 34.69231
47.8405 16.6385 32.23077
47.9300 16.6385 8.00000
48.0195 16.6385 31.00000
48.1090 16.6385 43.00000
48.1986 16.6385 30.00000
48.2881 16.6385 30.00000
48.3776 16.6385 43.00000
48.4671 16.6385 43.00000
48.5567 16.6385 43.00000
48.6462 16.6385 39.83516
48.7357 16.6385 43.00000
48.8252 16.6385 43.00000
48.9148 16.6385 28.00000
49.0043 16.6385 28.00000
49.0938 16.6385 43.00000
49.1833 16.6385 38.38462
49.2729 16.6385 9.00000
49.3624 16.6385 9.00000
49.4519 16.6385 9.60440
49.5414 16.6385 43.00000
49.6310 16.6385 10.00000
49.7205 16.6385 43.00000
46.0500 16.7731 40.00000
46.1395 16.7731 40.00000
46.2290 16.7731 28.00000
46.3186 16.7731 28.00000
46.4081 16.7731 28.00000
46.4976 16.7731 40.00000
46.5871 16.7731 40.00000
46.6767 16.7731 40.00000
46.7662 16.7731 40.00000
46.8557 16.7731 40.00000
46.9452 16.7731 40.00000
47.0348 16.7731 40.00000
47.1243 16.7731 40.00000
47.2138 16.7731 40.00000
47.3033 16.7731 40.00000
47.3929 16.7731 40.00000
47.4824 16.7731 42.17582
47.5719 16.7731 43.00000
47.6614 16.7731 24.20879
47.7510 16.7731 31.00000
47.8405 16.7731 5.00000
47.9300 16.7731 31.00000
48.0195 16.7731 32.71429
48.1090 16.7731 43.00000
48.1986 16.7731 30.00000
48.2881 16.7731 30.00000
48.3776 16.7731 43.00000
48.4671 16.7731 43.00000
48.5567 16.7731 43.00000
48.6462 16.7731 43.00000
48.7357 16.7731 40.00000
48.8252 16.7731 28.00000
48.9148 16.7731 43.00000
49.0043 16.7731 43.00000
49.0938 16.7731 43.00000
49.1833 16.7731 43.00000
49.2729 16.7731 8.00000
49.3624 16.7731 9.00000
49.4519 16.7731 9.00000
49.5414 16.7731 9.00000
49.6310 16.7731 43.00000
49.7205 16.7731 43.00000
46.0500 16.9077 40.00000
46.1395 16.9077 40.00000
46.2290 16.9077 28.00000
46.3186 16.9077 28.00000
46.4081 16.9077 40.00000
46.4976 16.9077 40.00000
46.5871 16.9077 40.00000
46.6767 16.9077 40.00000
46.7662 16.9077 40.00000
46.8557 16.9077 40.00000
46.9452 16.9077 40.00000
47.0348 16.9077 40.00000
47.1243 16.9077 40.00000
47.2138 16.9077 40.00000
47.3033 16.9077 40.00000
47.3929 16.9077 40.00000
47.4824 16.9077 43.00000
47.5719 16.9077 43.00000
47.6614 16.9077 28.00000
47.7510 16.9077 31.00000
47.8405 16.9077 31.00000
47.9300 16.9077 31.00000
48.0195 16.9077 31.00000
48.1090 16.9077 43.00000
48.1986 16.9077 30.00000
48.2881 16.9077 29.53846
48.3776 16.9077 36.04396
48.4671 16.9077 40.00000
48.5567 16.9077 31.00000
48.6462 16.9077 31.00000
48.7357 16.9077 28.00000
48.8252 16.9077 40.92308
48.9148 16.9077 43.00000
49.0043 16.9077 43.00000
49.0938 16.9077 43.00000
49.1833 16.9077 43.00000
49.2729 16.9077 9.00000
49.3624 16.9077 9.00000
49.4519 16.9077 9.00000
49.5414 16.9077 9.00000
49.6310 16.9077 9.00000
49.7205 16.9077 9.00000
46.0500 17.0423 40.00000
46.1395 17.0423 28.00000
46.2290 17.0423 28.00000
46.3186 17.0423 40.00000
46.4081 17.0423 40.00000
46.4976 17.0423 40.00000
46.5871 17.0423 40.00000
46.6767 17.0423 40.00000
46.7662 17.0423 40.00000
46.8557 17.0423 40.00000
46.9452 17.0423 40.00000
47.0348 17.0423 40.00000
47.1243 17.0423 40.00000
47.2138 17.0423 40.00000
47.3033 17.0423 40.00000
47.3929 17.0423 28.00000
47.4824 17.0423 34.46154
47.5719 17.0423 28.00000
47.6614 17.0423 28.00000
47.7510 17.0423 31.00000
47.8405 17.0423 30.80220
47.9300 17.0423 31.00000
48.0195 17.0423 31.00000
48.1090 17.0423 30.28571
48.1986 17.0423 28.42857
48.2881 17.0423 43.00000
48.3776 17.0423 28.00000
48.4671 17.0423 40.00000
48.5567 17.0423 43.00000
48.6462 17.0423 28.00000
48.7357 17.0423 35.38462
48.8252 17.0423 43.00000
48.9148 17.0423 43.00000
49.0043 17.0423 43.00000
49.0938 17.0423 43.00000
49.1833 17.0423 43.00000
49.2729 17.0423 43.00000
49.3624 17.0423 9.00000
49.4519 17.0423 9.00000
49.5414 17.0423 9.00000
49.6310 17.0423 9.00000
49.7205 17.0423 28.00000
46.0500 17.1769 28.00000
46.1395 17.1769 28.00000
46.2290 17.1769 40.00000
46.3186 17.1769 40.00000
46.4081 17.1769 40.00000
46.4976 17.1769 40.00000
46.5871 17.1769 40.00000
46.6767 17.1769 40.00000
46.7662 17.1769 40.00000
46.8557 17.1769 40.00000
46.9452 17.1769 40.00000
47.0348 17.1769 28.00000
47.1243 17.1769 28.00000
47.2138 17.1769 28.00000
47.3033 17.1769 28.00000
47.3929 17.1769 40.00000
47.4824 17.1769 28.00000
47.5719 17.1769 28.00000
47.6614 17.1769 28.00000
47.7510 17.1769 28.00000
47.8405 17.1769 28.00000
47.9300 17.1769 28.00000
48.0195 17.1769 28.00000
48.1090 17.1769 28.00000
48.1986 17.1769 43.00000
48.2881 17.1769 9.00000
48.3776 17.1769 9.00000
48.4671 17.1769 28.00000
48.5567 17.1769 28.00000
48.6462 17.1769 30.14286
48.7357 17.1769 43.00000
48.8252 17.1769 43.00000
48.9148 17.1769 43.00000
49.0043 17.1769 43.00000
49.0938 17.1769 43.00000
49.1833 17.1769 43.00000
49.2729 17.1769 43.00000
49.3624 17.1769 43.00000
49.4519 17.1769 43.00000
49.5414 17.1769 43.00000
49.6310 17.1769 40.00000
49.7205 17.1769 28.00000
46.0500 17.3115 28.00000
46.1395 17.3115 40.00000
46.2290 17.3115 40.00000
46.3186 17.3115 40.00000
46.4081 17.3115 40.00000
46.4976 17.3115 40.00000
46.5871 17.3115 40.00000
46.6767 17.3115 40.00000
46.7662 17.3115 8.00000
46.8557 17.3115 10.00000
46.9452 17.3115 40.00000
47.0348 17.3115 40.00000
47.1243 17.3115 40.00000
47.2138 17.3115 40.00000
47.3033 17.3115 40.00000
47.3929 17.3115 38.28571
47.4824 17.3115 28.00000
47.5719 17.3115 28.00000
47.6614 17.3115 28.00000
47.7510 17.3115 28.00000
47.8405 17.3115 28.00000
47.9300 17.3115 28.00000
48.0195 17.3115 28.00000
48.1090 17.3115 28.00000
48.1986 17.3115 28.00000
48.2881 17.3115 40.36264
48.3776 17.3115 9.00000
48.4671 17.3115 9.00000
48.5567 17.3115 10.00000
48.6462 17.3115 28.00000
48.7357 17.3115 43.00000
48.8252 17.3115 43.00000
48.9148 17.3115 36.57143
49.0043 17.3115 43.00000
49.0938 17.3115 43.00000
49.1833 17.3115 43.00000
49.2729 17.3115 43.00000
49.3624 17.3115 28.00000
49.4519 17.3115 28.00000
49.5414 17.3115 28.00000
49.6310 17.3115 28.00000
49.7205 17.3115 35.57143
46.0500 17.4462 40.00000
46.1395 17.4462 40.00000
46.2290 17.4462 40.00000
46.3186 17.4462 40.00000
46.4081 17.4462 40.00000
46.4976 17.4462 40.00000
46.5871 17.4462 40.00000
46.6767 17.4462 40.00000
46.7662 17.4462 5.00000
46.8557 17.4462 10.00000
46.9452 17.4462 8.00000
47.0348 17.4462 40.00000
47.1243 17.4462 40.00000
47.2138 17.4462 40.00000
47.3033 17.4462 40.00000
47.3929 17.4462 40.00000
47.4824 17.4462 40.00000
47.5719 17.4462 28.00000
47.6614 17.4462 28.00000
47.7510 17.4462 28.00000
47.8405 17.4462 28.00000
47.9300 17.4462 28.00000
48.0195 17.4462 28.00000
48.1090 17.4462 28.00000
48.1986 17.4462 28.00000
48.2881 17.4462 28.00000
48.3776 17.4462 28.00000
48.4671 17.4462 43.00000
48.5567 17.4462 8.00000
48.6462 17.4462 10.00000
48.7357 17.4462 10.00000
48.8252 17.4462 43.00000
48.9148 17.4462 43.00000
49.0043 17.4462 43.00000
49.0938 17.4462 28.00000
49.1833 17.4462 43.00000
49.2729 17.4462 28.00000
49.3624 17.4462 28.00000
49.4519 17.4462 29.18681
49.5414 17.4462 9.00000
49.6310 17.4462 9.00000
49.7205 17.4462 9.00000
46.0500 17.5808 40.00000
46.1395 17.5808 40.00000
46.2290 17.5808 40.00000
46.3186 17.5808 40.00000
46.4081 17.5808 40.00000
46.4976 17.5808 40.00000
46.5871 17.5808 40.00000
46.6767 17.5808 40.00000
46.7662 17.5808 5.00000
46.8557 17.5808 9.71429
46.9452 17.5808 10.00000
47.0348 17.5808 8.00000
47.1243 17.5808 40.00000
47.2138 17.5808 10.00000
47.3033 17.5808 40.00000
47.3929 17.5808 40.00000
47.4824 17.5808 40.00000
47.5719 17.5808 40.00000
47.6614 17.5808 28.00000
47.7510 17.5808 28.00000
47.8405 17.5808 28.00000
47.9300 17.5808 28.00000
48.0195 17.5808 28.00000
48.1090 17.5808 28.00000
48.1986 17.5808 28.00000
48.2881 17.5808 28.00000
48.3776 17.5808 28.00000
48.4671 17.5808 28.00000
48.5567 17.5808 28.00000
48.6462 17.5808 8.00000
48.7357 17.5808 43.00000
48.8252 17.5808 43.00000
48.9148 17.5808 43.00000
49.0043 17.5808 43.00000
49.0938 17.5808 43.00000
49.1833 17.5808 43.00000
49.2729 17.5808 43.00000
49.3624 17.5808 9.00000
49.4519 17.5808 40.00000
49.5414 17.5808 41.68132
49.6310 17.5808 9.00000
49.7205 17.5808 9.00000
46.0500 17.7154 40.00000
46.1395 17.7154 40.00000
46.2290 17.7154 40.00000
46.3186 17.7154 40.00000
46.4081 17.7154 40.00000
46.4976 17.7154 40.00000
46.5871 17.7154 40.00000
46.6767 17.7154 40.00000
46.7662 17.7154 40.00000
46.8557 17.7154 5.00000
46.9452 17.7154 10.00000
47.0348 17.7154 8.00000
47.1243 17.7154 40.00000
47.2138 17.7154 37.89011
47.3033 17.7154 8.00000
47.3929 17.7154 40.00000
47.4824 17.7154 40.00000
47.5719 17.7154 40.00000
47.6614 17.7154 40.00000
47.7510 17.7154 21.42857
47.8405 17.7154 28.00000
47.9300 17.7154 28.00000
48.0195 17.7154 28.00000
48.1090 17.7154 28.00000
48.1986 17.7154 28.00000
48.2881 17.7154 28.00000
48.3776 17.7154 28.00000
48.4671 17.7154 28.00000
48.5567 17.7154 28.00000
48.6462 17.7154 9.00000
48.7357 17.7154 43.00000
48.8252 17.7154 10.00000
48.9148 17.7154 43.00000
49.0043 17.7154 43.00000
49.0938 17.7154 43.00000
49.1833 17.7154 43.00000
49.2729 17.7154 43.00000
49.3624 17.7154 43.00000
49.4519 17.7154 9.00000
49.5414 17.7154 9.00000
49.6310 17.7154 9.00000
49.7205 17.7154 9.00000
